[METRICS]
CPI = (0.319913, 0.398163)
GFLOPS = (12.077209, 47.14658)
; AVG_CPUFREQ_KHZ = (1500000, 2600000)
AVG.CPUFREQ = (2000000, 2600000)
AVG.IMCFREQ = (800000, 1467000)
TPI = (1.313485, 6.742997)
GBS = (10.081144, 35.242325)
DC-NODE-POWER = (299.14349, 514.167839)
DRAM-POWER = (5, 50)
PCK-POWER = (100, 400)
P.MPI = (0,100)
GUTIL=(0,100)
GMEMUTIL0=(0,100)
IO_MBS=(0.000718,1046.474995)
DEF.FREQ=(2000000, 2600000)
